cam0:
  cam_overlaps: [1]
  camera_model: omni
  distortion_coeffs: [-0.11612282510496828, 0.4734909250834061, -0.0014818666561582843,
    -0.0005906944344623155]
  distortion_model: radtan
  intrinsics: [1.9479134672621683, 833.3837960896283, 828.5762473204377, 485.00066355629303,
    476.72720303568246]
  resolution: [960, 960]
  rostopic: /bottom/back/image_raw
cam1:
  T_cn_cnm1:
  - [0.9959237873980666, -0.00029136648216474426, -0.09019825275614099, 0.0031384646578031003]
  - [0.002473351933571441, 0.999706971128818, 0.02408016625055466, 0.3979132659105121]
  - [0.09016480591062304, -0.024205102396286704, 0.9956326736267156, -0.012096503502016062]
  - [0.0, 0.0, 0.0, 1.0]
  cam_overlaps: [0]
  camera_model: omni
  distortion_coeffs: [-0.021069060929238877, -0.1414957354082818, 0.0025889491743683883,
    -0.002163280240389577]
  distortion_model: radtan
  intrinsics: [1.7787141996697167, 768.3646160853027, 766.572289951188, 474.20132351379567,
    475.5994697278748]
  resolution: [960, 960]
  rostopic: /top/back/image_raw
