cam0:
  cam_overlaps: [1]
  camera_model: omni
  distortion_coeffs: [0.08973002581390233, 1.8123480022259608, -0.003268470768575952,
    -0.0024844191688095816]
  distortion_model: radtan
  intrinsics: [2.4265412180555233, 972.8505396382593, 967.4751785567908, 479.06078838494403,
    479.07686738276374]
  resolution: [960, 960]
  rostopic: /bottom/front/image_raw
cam1:
  T_cn_cnm1:
  - [0.9948434636778027, -0.0009368425766376245, -0.1014179722905842, 0.002515383298267468]
  - [0.0005495931834238282, 0.9999924522226051, -0.003846224791693514, 0.39785342371111465]
  - [0.10142081011744995, 0.0037706529676042495, 0.9948364697030928, 0.0001500505300499612]
  - [0.0, 0.0, 0.0, 1.0]
  cam_overlaps: [0]
  camera_model: omni
  distortion_coeffs: [0.1305162167798761, 3.623391329266057, -0.0003183486781136638,
    -0.00029839072521875944]
  distortion_model: radtan
  intrinsics: [2.6661980997732058, 1036.8469383745205, 1032.8352206358832, 482.0589326302644,
    477.5292101122109]
  resolution: [960, 960]
  rostopic: /top/front/image_raw
